4
prisons
212
1269972482
185482247
723763208
250736649
1305390600
1305390605
1287184397
799908881
1308382229
1262598166
1280827415
1330356248
116014617
1310940698
1340461601
1330356257
764639779
251839525
1108864549
723395112
723395117
1308382770
720079863
1108864565
799908919
765343801
1108960829
1123234366
1108961344
26061893
253237318
1299423311
251989585
482756180
1268333141
247449172
566497369
206155870
1306838625
116089447
253237353
765343852
729921647
1117518449
1257245302
1299417210
251877500
1339404925
723664511
1117518463
716116101
115958409
1345207435
1278902926
1126015119
1106665105
1299417234
743390358
208789657
1107499677
1330356382
1306837151
190647454
711049379
148229284
1330356390
248758951
1309535403
1123233965
224905904
1126118065
1107499698
747047093
1126015164
716313281
1126015170
723358918
729919688
867504330
738166986
99308748
711049421
253269710
1123233998
1305397456
251769039
1268333266
251769047
132860121
1126015194
110344409
729328351
1106662623
654307041
711089900
1331817200
150540529
1263932147
253117684
253117683
1279266554
1106662650
720188668
151015164
654288640
185839362
1346795266
1308382469
1309536007
714434311
248395536
148651281
250087703
148167449
867504411
252743455
250644774
115972909
954702638
711089966
1300835127
1108961080
253461817
954702650
812703550
1262597950
1300775744
1215343429
724738887
252415815
251632970
1326933323
1309535568
249493330
248426834
723111252
1299129174
1262597976
724765022
1126015326
251031905
729328484
251520358
761324391
181491560
149368167
714588523
1262329708
1123234155
1106664815
1215343473
1326933362
711247735
249590648
185519481
195885438
1117563263
712111999
1267897215
252107648
1262598016
144123268
1285540232
1285540235
1123359115
1324503437
867504525
1308382614
1280456599
246782360
1123359132
1123359134
248576416
760848291
1126015395
1299913129
1215343018
1262598064
384860084
251948980
1302746038
1340461495
520740280
1326933435
722515388
760856510
764662207
654389696
1346862583
722515397
246781893
764639688
251775947
251030476
115934171
1268333020
1269972444
252103132
1269972448
1108961255
1106662888
251615212
1308382189
1326933485
1308382192
215929841
1326933490
799908852
1299766775
1330356217
1269972476
223945726
airport
212
1305383428
148220943
1308382224
1309535251
724371990
252022295
1309535768
223952406
251032087
1300829721
1215343644
724842525
1340461598
763372062
1331816993
1308382754
251032099
250717733
1287067174
738186280
1262598184
1108864557
730184755
1266165300
714520116
789294647
1330356281
254341689
1338291261
1266165313
185512519
115981899
738166861
1300759629
812701775
1126015059
183823960
248632409
725277279
712112231
1265372267
1339404912
1339404914
115402356
1266037876
116009591
742003320
1308382330
1266165373
1106560639
1299417216
252025473
747846274
1266037890
206242948
1030774913
1266037902
738166930
1308382358
1072120984
812701849
247448730
1306837147
208789660
208789661
1126015134
99343522
1309535395
249800868
1299417257
1262598313
198440105
251838122
1309984941
747846319
1265372338
1299429555
1331817139
1262598330
253269694
1309535423
116190912
253269697
1117519042
729313477
1266037958
246783176
1266037961
250640586
763919565
1257245391
1280456400
1126118096
1299429587
253107413
132839126
251876056
251614939
1346890974
1308408037
1263932136
1280919275
711049453
729397997
1126015215
1280919280
729351409
208750322
1308382448
654569721
654288634
246782719
253117696
1126015233
723395329
116031745
716309764
26684165
248432903
724871943
714588429
1267897616
115530001
142693137
185522965
250640661
132860186
954702625
1331817252
743390505
741988651
714519342
720188718
1108961073
251877691
250713921
115504963
252415812
724738887
730148172
1267980624
1280456530
259427667
729920850
223941974
251632984
729986393
712112984
250735966
198440288
111381858
251520867
710952808
1107523949
1262329710
867504495
253269873
1106662769
867504501
743390583
724739449
720058235
1299931515
1117519229
171103612
148952448
1331779970
1265221510
724779398
1108961159
99308938
763371915
1265221516
723360141
1331779982
1324503438
1265221515
1262329758
710953375
148226975
248576419
1308382120
1108961192
1330356138
1030751147
520740269
716315055
1267897778
1331790258
760848313
1299429822
148169663
1123359170
248458690
1108961226
249795533
1123164621
714588111
1262598102
1309535710
252020705
1106663401
741988330
1215343597
150717424
251615220
729986548
799908855
251949561
100261370
1300768763
867504637
train_station
212
248576000
249314817
250717698
185521156
724423175
723763208
185524232
1270688779
116023821
729317907
1330364953
724842531
729919524
1269972515
208707622
249315367
1269972518
714520612
1300785707
1305383469
1265372214
799908921
234655290
711049791
1330356287
251032132
1123234374
1299417160
248806985
115981899
1308382284
765343822
1268333137
206155858
1265171027
1126117975
566497372
1340461662
1330356327
210677351
724748392
249415274
848010348
116030575
247449199
1269972594
729397885
1117518461
812701822
100254856
534883466
1215342732
1126015118
1299417231
1299417236
206242967
1215342747
1339404956
196248733
1106662559
1265171104
1266037921
206245025
1107499680
253117606
251947689
1339404969
711049897
237698732
729313453
1309535405
1331817135
1265119923
723395252
110344380
190624446
654273219
747846340
250371268
132870858
1299417290
198440139
711049420
208778448
198440145
1279946963
227147989
739413206
251503829
1299429592
1266037977
848010457
1108882141
1106663648
150538465
712112354
1331817191
1126015209
248432874
1331817199
1106664693
1287184382
1308382455
248700672
654425858
1308408070
1265221383
1309535496
206196486
1030766347
252026636
1106665230
739413263
1107523856
1308408079
1276540189
252401953
251031843
186069284
738182448
116031795
1331779891
249493303
812703548
1308382530
716215108
723395406
250714449
1267897686
1280456538
223941978
714589043
144137053
115504990
1108882782
251632989
1308382557
1106665314
738187102
1123359076
251770213
249197924
181491559
1309535596
251520364
249227631
253269875
1264167796
1331790197
150539126
1106662773
150537592
743390583
1264458106
248187771
1106664827
1117563261
1280456572
761253247
722515329
1072128898
248700806
1108961158
288033160
1264458121
743390602
722352524
760853901
148179342
1106664342
206161307
520740253
181484961
1263931300
1106664869
223907751
1106662825
1299913133
722515373
1306862514
760848307
248458679
248442297
714589116
432681918
1030751168
1331790284
251032012
1106665424
738184146
1117518804
1308382169
723359706
712320476
716316128
1308382177
185882593
1312562660
250087397
1308382180
259444196
1108961257
714519531
1273237995
250735599
716116464
1123234291
1262693878
723360247
1123211770
1263931388
198439934
court_house
212
1268333056
1300735489
185521154
250736643
720079876
1305383428
195885570
1300829704
140240904
799908878
1309535252
799908885
520740373
251032087
1280827416
712320538
234655269
760848424
1305390634
1308382768
1311362039
738186294
1108961340
251032125
1308382270
520740415
250646077
229548097
1269976642
1308382787
1300785732
150537795
253237318
719489607
248806984
1266165322
250646092
1126117972
250643028
183823960
223894616
716116056
1266165337
1108960859
251032159
249415268
250768485
742003193
1308382830
1108882031
1341735538
1308382199
223971957
1299417206
1106560629
1262598261
730184825
250717820
100254849
144484995
615989892
714588294
1266037902
1300368526
251947666
812707474
1331817116
1309535390
253117599
1336598178
812707493
738166949
760848551
1309535398
1279946929
1266037940
251572920
723149497
1262598330
1268333242
1126118076
654288573
615989954
1280456396
1262598349
1108882128
1279946961
253269714
1126118098
1262598356
716309718
1331817175
1340461787
226005212
1266037985
723742437
760854247
1308408039
654343408
1257245424
1104700150
1280919290
116031739
1108961021
1123234045
1266165505
142693128
714519817
132860169
1299429644
150565645
185839375
738187025
251877652
741988629
248395542
1339035933
1215342879
186069283
250371363
253461798
251520807
251031848
739413289
1331779880
252194088
954702636
251780910
739413297
116031798
1339035959
812716862
954702659
1331779907
1280456519
720058184
186056015
115509584
186056018
1263482197
1299127126
1331779927
723360088
115504985
730148186
812369755
711248213
251632989
722515293
1108961114
208740704
729351010
1123359079
148174696
1123234153
252520300
240147822
249227631
251778424
722515321
534396282
1123359100
714520444
252022144
729351042
249559943
1126117769
259446666
719488906
1262598031
1331779989
1311361943
250718615
251877273
251032481
729397668
720058282
206161323
206161326
719527346
719527352
250642884
1330356164
719527366
246781892
148179908
226457545
1308382669
1269972431
186054097
812369873
1280765396
1123164631
1268333015
215929818
250087392
101591520
710952931
716316133
1269972456
1340461545
1270688746
215929839
1309535216
223973871
1030751225
710953970
1280765429
195885559
1126117880
1270688761
1308382717