4
prisons
61
600961280
1304793220
600755333
251698311
251369992
1104324878
264358031
376000912
26023695
1104324881
1103647636
1104324884
603942933
603323927
264358042
1074056223
374699551
373409570
596184227
603953700
1165293096
596178602
264358187
373441836
597568685
265458476
1074079792
600823216
1080632501
1103647669
264357685
1104631096
1103644729
597568311
251369916
603323968
596184256
376320834
252057283
1071159492
1112923972
603942393
376081232
603942394
265458515
269374804
1082536404
603324026
265458514
603942498
603323881
265458409
373442027
1208599150
1104444911
600752888
1104631161
1080610426
597568636
1104631165
372931838
airport
61
601025281
1345824898
251698307
600798214
1304926215
1304931211
374583820
250833803
1103601294
1082540943
1104330128
603953676
376336275
372938743
1104587288
1306424476
264357417
597568687
1071026736
1104631089
600761269
1104590518
603324598
1088211001
265458492
1208599357
251698366
1345824957
1103666496
1071006657
24959298
250833475
603323081
264357196
1080622797
1080639054
250833741
603323601
600752853
374667350
1103666521
1088211034
264357982
372932318
250833760
601029729
1104631136
597568610
597567973
603943910
600978919
601029734
601033446
1103614182
250833257
269374832
741685873
1345854833
1208599028
597567991
603954168
train_station
61
741685891
1104437251
603954183
250833799
374582024
1104613770
1104437258
603324044
597568271
373442065
597568019
600764051
374583700
1103601181
600525726
374699551
1103666465
603955492
1080624804
597568037
252057258
603955628
1080667693
251369977
1304997809
603324081
1304931251
603954167
603953717
922495798
603953718
603323202
1080608197
600743161
251369927
269374796
1082545997
1103681998
1304931282
373381589
600798169
603323483
1104427355
1103614172
265458270
1104631138
1208599268
376320871
1082569335
601031399
600753002
264358251
250833899
1104321517
374583279
1104631153
1088210934
603954551
1103647736
1345824761
1104433658
court_house
61
1104613761
265458181
374581767
265458185
1082542093
251697936
604625168
251697940
1104445078
373410071
372939159
1103684119
604625053
265458462
603954079
1082569124
1112357540
1071038504
1104631080
1104437291
374375979
1104322863
264357808
376000047
374583475
250834099
373441845
1104631094
601029690
1112924092
603953725
596184255
1103666495
1080663363
1074037319
24959307
922441548
1208599372
1102915023
600823247
269374799
373393364
601029717
1103606358
1103644757
373409753
1304931292
600829280
376320866
265458148
1104590568
1071160425
1103606382
374699631
1103606386
251208947
603954164
265458421
1080642804
603323896
1080659455