4
prisons
101
1223751681
435240964
497922579
409117206
497190439
343646762
500010036
479416374
1202110522
343646780
111464003
492269124
314536515
479293008
1225943122
429378649
129665121
114317413
474691694
474677888
480482945
128668291
1092941956
299575943
285908616
428215432
281726605
26015902
474677919
281726624
480486049
1198770858
25632426
26016435
475561161
128573643
792070353
1278758100
128591072
1314231524
126410482
299611381
497181955
135814918
444004619
128655627
111467277
501173523
111467284
96499475
773982486
480476958
257736479
415406369
114318630
114318632
1290733867
480476975
114315571
112599861
114310466
314049861
475050311
444004681
510786377
297369932
128677718
497301848
428050276
475550564
1097394534
1216789883
479184251
475341697
314553224
495503753
276936075
430006683
25504166
25504168
257735088
560409011
420776895
412248004
473240006
418091975
497311177
418091979
122452427
138246607
343646675
1232608730
126625253
128577510
280200167
297880042
112688622
475404275
353290233
1279864317
560409086
airport
101
698819585
126397455
475573786
445815840
418091554
26122789
416716839
495570484
114310712
1334167609
314536517
497171020
114320463
534476372
480499797
495570521
534476383
1108123743
495570527
1223751786
497871467
1225943148
479411820
428214890
343646831
497871477
480482933
26015868
428217470
1296455299
480482954
501142156
479225996
111465615
560976023
126581915
26015906
112613558
343634615
1278714045
126402749
26015935
100118724
452577993
430267082
1103500491
1105950411
789709522
497871571
414952154
478632156
663689451
478646519
135814910
1277620479
1165604100
747478280
480495881
411029260
444004621
128669964
128655637
1264279319
1249809181
319327517
299604253
475573536
1264279325
128560423
1274830123
444004659
314073919
314075475
475550561
1097394531
314553194
475116908
1244598154
135820184
442328986
435240867
112619428
1264279461
1143317932
100118446
475708335
480309166
492269491
497334204
1202110402
478929351
297880010
257736651
792643023
429380562
314074579
1238507993
90378716
286969308
126625248
1263433204
train_station
101
1108123650
311624197
422547988
431365141
111445022
416007716
418198057
343646762
431647273
493769262
114310705
311624242
663689269
560975925
560975929
128583739
111463995
479522366
343634508
114326092
480331369
475704955
428214908
429544573
1225943167
1223751807
429544575
417060480
276932741
1110673556
299608221
1198805150
480482982
112617128
133267113
129552045
474552497
26015921
474544824
1277625534
435468997
112617163
411616468
112613595
506111719
299611375
478646516
478208248
478632189
1223806730
497922320
111450385
129679647
1249809185
411019044
319327526
128655656
444030250
1143316780
1309181741
25532204
481401135
133269294
475394871
133269311
1143317316
414134085
138213191
314075469
427424078
297369942
1264279385
128677722
112618343
413301104
112618356
478903672
114328969
474559375
500009872
1216830872
129676697
478903215
415398835
314075577
1103952838
126552524
1107381197
497922510
26122718
25632228
1223751654
299610599
428215790
137881583
297880052
478862836
1223751671
663689210
698819580
1279864319
court_house
101
1295560716
1254261262
1218953234
114310686
111445022
1202110497
416410145
416007716
1234709039
114310705
1143317042
130075701
135823926
314074689
111464003
111464004
343646797
314074702
314074704
429378647
495570521
478646367
492273248
513931874
428214899
475704957
343634562
497190531
311888515
129777800
430012046
135822993
480482962
418009751
343634591
428214944
299612832
26015908
133267110
1105954992
114310835
1243859128
428217018
1185192124
497317054
343634629
452577990
1279320266
474818251
1105950411
1103500494
1296455375
503018200
111481561
112624346
663689443
1252543206
432578810
415408381
128586496
25507585
25507589
25504010
414952217
432578849
429381414
480346406
1290733867
285945657
478903615
500009832
135824234
445439340
413301106
1236467593
789695377
428215702
1207545753
1216830877
497185183
1202110373
560409001
415754665
415754670
111459764
478632886
111428023
497690556
1097394630
412248011
497922510
414905295
126549457
1223751639
1103952856
1209790937
497334239
1263433198
1223751666
128669170
435240959